0.10005551538325275		4.580730709684456e-05		-2.6468328192642674e-05		1.2714331412551207
0.1004995562671135		0.00013803471067388244		-8.015604558311458e-05		1.2700523292688253
0.10138719982009242		0.00023375816549645314		-0.00013342352984176036		1.2672960773145083
0.10271757004516914		0.00033641404382125115		-0.00018438061457142377		1.2631751572982197
0.10448935402754911		0.00044843644905033145		-0.00023304527074733406		1.2577057933743487
0.10670080323035176		0.0005727905288296399		-0.00027894906238318403		1.250909732151422
0.10934973522020541		0.0007126281543049576		-0.00032178853646985675		1.2428143210592415
0.11243353582104555		0.0008712944498660772		-0.0003614864473485391		1.2334525825155693
0.11594916169399087		0.001052311851696754		-0.00039826306979357515		1.222863269358151
0.11989314334075145		0.001259337381332062		-0.0004327152910054282		1.211090885497511
0.12426158852760462		0.0014960898207234464		-0.0004658993843573664		1.198185655056591
0.1290501861265597		0.001766245197056919		-0.0004994117073695035		1.1842034235411865
0.13425421036992097		0.002073301394723543		-0.0005354602841949551		1.1692054759438215
0.13986852551404963		0.0023840040973094364		-0.0006184039435190772		1.1532582591809093
0.14588759090772296		0.0026909241736532198		-0.0007573964819799036		1.1364329998780232
0.15230546646008794		0.00302446087211802		-0.0009205054614551222		1.118805213133395
0.15911581850281398		0.0033858006622018936		-0.0011104134233987431		1.100454103282271
0.16631192604065853		0.003775927328771351		-0.0013298322366831646		1.081461863529834
0.17388668738427837		0.004195595900646328		-0.0015814585910742978		1.0619128872113641
0.1818326271587395		0.004645308414352505		-0.0018679251875043936		1.0418929089213467
0.19014190368080924		0.005125292599513203		-0.0021917487739655742		1.0214880983739627
0.19880631669775164		0.005635484492300347		-0.002555276397023707		1.0007841332135006
0.2078173154799861		0.0061755158139752036		-0.0029606314022822978		0.979865278784435
0.21716600725962565		0.006744706707807197		-0.0034096607979699225		0.9588135029380809
0.22684316600656504		0.007342064135082341		-0.003903885579159798		0.9377076522990808
0.23683924153345856		0.007966285921027104		-0.00444445549341372		0.9166227132051542
0.24714436892060201		0.00861577014651795		-0.005032109522079686		0.8956291760709811
0.2577483782514174		0.0092886293295399		-0.005667143075911021		0.8747925166137879
0.2686408046489327		0.009982708651857786		-0.006349382586771748		0.8541728016637274
0.2798108986033522		0.01069560737204236		-0.007078167848886371		0.8338244216110949
0.2912476365805247		0.011424702526938444		-0.007852342151290475		0.8137959463077422
0.3029397319008408		0.01216717405270881		-0.008670249970411277		0.7941300967488478
0.314875645877823		0.012920030540580012		-0.009529741773277112		0.7748638213157975
0.3270435992054166		0.013680134965037989		-0.010428185325130256		0.7560284628555493
0.339431583582742		0.014294994261211166		-0.011432517568621181		0.737650001402376
0.35202737356483826		0.014412441883512178		-0.012689923718103556		0.7197493568308079
0.3648185386277011		0.014421663537711248		-0.014002034111014198		0.7023427360248179
0.3777924554357096		0.01431828449088025		-0.015361892072856258		0.6854420100873307
0.39093632029933423		0.014099256360835519		-0.01676194430482033		0.669055108516111
0.4042371618108328		0.013762878131659185		-0.01819413116694411		0.6531864189649615
0.4176818536454633		0.013308798638539543		-0.019649975397107913		0.6378371830410263
0.4312571275155823		0.012738002608664813		-0.02112066835911427		0.6230058804348083
0.4449495862648426		0.012052782159656826		-0.022597153272830416		0.6086885954439128
0.45874571708956935		0.011256695433030577		-0.02407020515964672		0.5948793615678056
0.47263190487426576		0.010354513808142644		-0.025530507441540756		0.5815704812780567
0.48659444562808785		0.009626765160384423		-0.02687779453262214		0.5687528192870157
0.5006195600090297		0.009730537941566966		-0.027900782992127005		0.5564160686447088
0.5146934069224699		0.009814964597569552		-0.028882981763236032		0.5445489897980559
0.5288020971806608		0.009879722203905811		-0.029818317196939705		0.53313962336541
0.5429317072096808		0.00992456847640611		-0.03070085077035277		0.522175477834606
0.5570682927903193		0.009949340837289116		-0.03152482254435446		0.5116436937078314
0.5711979028193392		0.009953955502651896		-0.03228469434073498		0.5015311858153861
0.5853065930775303		0.009938406595202962		-0.03297519240801579		0.4918247656251469
0.5993804399909703		0.0099027652758848		-0.033591349321699625		0.48251124540557816
0.6134055543719121		0.009847178880096074		-0.034128544843026264		0.4735775260751924
0.6273680951257343		0.009771870038364815		-0.034582545441508176		0.46501067050554085
0.6412542829104306		0.009677135757226693		-0.03494954217113027		0.45679796395065314
0.6550504137351575		0.009563346433519904		-0.03522618657883014		0.4489269631634222
0.6687428724844179		0.009430944774054234		-0.035409624317065534		0.44138553563678073
0.6823181463545368		0.009280444592455913		-0.03549752613031323		0.43416189028073005
0.6957628381891673		0.009112429455712487		-0.03548811588832576		0.4272446007199811
0.7090636797006657		0.008927551154399397		-0.0353801953470749		0.42062262227444513
0.7222075445642904		0.008726527972608294		-0.03517316533150099		0.41428530356833393
0.735181461372299		0.008510142736078953		-0.034867043052319094		0.40822239360467333
0.7479726264351618		0.008279240619891414		-0.03446247529216931		0.4024240450414161
0.7605684164172581		0.008034726700170263		-0.033960747223923435		0.3968808143134283
0.7729564007945834		0.007777563237560157		-0.033363786655841186		0.39158365916141596
0.785124354122177		0.0075087666836485675		-0.03267416353397298		0.3865239340541224
0.7970602680991593		0.007229404405010194		-0.031895084571403505		0.38169338392345287
0.8087523634194754		0.006940591123079964		-0.03103038291613326		0.37708413657305184
0.8201891013966479		0.006643485071563659		-0.030084502813975275		0.3726886940687023
0.8313591953510673		0.0063392838765764644		-0.029062479269432496		0.36849992337312837
0.8422516217485826		0.006029220168089035		-0.02796991275536564		0.3645110464477701
0.852855631079398		0.0057145569345426975		-0.026812939070811434		0.3607156300092688
0.8631607584665414		0.0053965826356692816		-0.025598194495073123		0.357107575098209
0.873156833993435		0.00507660609154653		-0.02433277643436111		0.35368110659158464
0.8828339927403744		0.004755951168765425		-0.02302419980443819		0.35043076276801377
0.8921826845200139		0.004435951287223085		-0.02168034943816976		0.34735138501548857
0.9011936833022484		0.00411794377348398		-0.02030942885011814		0.3444381077550099
0.9098580963191908		0.0038032640888609817		-0.018919905730852782		0.3416863486394779
0.9181673728412606		0.0034932399623132104		-0.01752045458085074		0.33909179907535875
0.9261133126157217		0.0031891854599640605		-0.016119896927470623		0.3366504151046577
0.9336880739593416		0.0028923950244611244		-0.014727139597916751		0.3343584086763447
0.9408841814971861		0.002604137518540125		-0.013351111546114774		0.3322122393293795
0.9476945335399121		0.002325650308002524		-0.012000699751663782		0.33020860630368065
0.9541124090922771		0.002058133419860156		-0.010684684724243488		0.3283444410906179
0.9601314744859504		0.001802743811639023		-0.009411676156864895		0.3266169004307116
0.9657457896300792		0.0015605897877623196		-0.008190049276006897		0.32502335976309743
0.9709498138734404		0.0013327255985512406		-0.0070278824359110035		0.32356140712882786
0.9757384114723954		0.0011201462566929614		-0.00593289649809177		0.3222288375281479
0.9801068566592486		0.000923782605028681		-0.004912396525477972		0.32102364773041936
0.9840508383060091		0.0007444966682260381		-0.003973216303668523		0.31994403153430406
0.9875664641789546		0.0005830773193209814		-0.0031216661796769777		0.31898837547507924
0.9906502647797946		0.00044023629026403594		-0.0023634846814956853		0.3181552549755215
0.9932991967696483		0.00031660455349277733		-0.0017037943500591317		0.3174434309365836
0.9955106459724509		0.0002127290992031478		-0.001147062179086132		0.3168518467640786
0.997282429954831		0.00012907013041688192		-0.0006970650181371802		0.31637962582774615
0.9986128001799076		6.599869517224263e-05		-0.0003568602504865217		0.3160260693493644
0.9995004437328866		2.3794772218176383e-05		-0.00012876201048374748		0.3157906547169739
0.9999444846167472		2.645823498631806e-06		-1.432315546599986e-05		0.3156730342227699
0.04921267938999468		0.005150410014758196