0.10005551538325275		3.0345084871774405e-05		-1.1047357870087942e-05		1.2714331412551207
0.1004995562671135		9.152744013053051e-05		-3.350960418438573e-05		1.2700523292688253
0.10138719982009242		0.0001541841719491746		-5.708295806790368e-05		1.2672960773145083
0.10271757004516914		0.00021929066216633757		-8.253630235796725e-05		1.2631751572982197
0.10448935402754911		0.00028781007502149834		-0.00011067988250376695		1.2577057933743487
0.10670080323035176		0.0003606867428635174		-0.00014238011679866265		1.250909732151422
0.10934973522020541		0.0004388380496576735		-0.0001785726187479104		1.2428143210592415
0.11243353582104555		0.0005231446818866539		-0.00022027286707378973		1.2334525825155693
0.11594916169399087		0.0006144393026045158		-0.000268583953461072		1.222863269358151
0.11989314334075145		0.0007134938933943216		-0.0003247008630605062		1.211090885497511
0.12426158852760462		0.0008210061827046524		-0.0003899108077979151		1.198185655056591
0.1290501861265597		0.0009375857205495734		-0.0004655892426517981		1.1842034235411865
0.13425421036992097		0.00106374025492158		-0.0005531913489814638		1.1692054759438215
0.13986852551404963		0.001199863105281422		-0.0006542389587758714		1.1532582591809093
0.14588759090772296		0.0013462222098655687		-0.00077030310553102		1.1364329998780232
0.15230546646008794		0.0015029514493716792		-0.0009029826035213247		1.118805213133395
0.15911581850281398		0.0016700447287738072		-0.0010538792582760494		1.100454103282271
0.16631192604065853		0.0018473531449681754		-0.001224570479299714		1.081461863529834
0.17388668738427837		0.0020345853964256863		-0.0014165801875324789		1.0619128872113641
0.1818326271587395		0.0022313114179360067		-0.0016313489762391454		1.0418929089213467
0.19014190368080924		0.0024369690628842384		-0.0018702044924328652		1.0214880983739627
0.19880631669775164		0.0026508735180736168		-0.0021343329596213846		1.0007841332135006
0.2078173154799861		0.0028722290288317404		-0.0024247526690594975		0.979865278784435
0.21716600725962565		0.003100142438272793		-0.002742290136222394		0.9588135029380809
0.22684316600656504		0.0033336380043510337		-0.003087559463851103		0.9377076522990808
0.23683924153345856		0.0035716729497234367		-0.0034609452849812877		0.9166227132051542
0.24714436892060201		0.0038131532189430795		-0.003862589490574255		0.8956291760709811
0.2577483782514174		0.004056948960708414		-0.004292381787170745		0.8747925166137879
0.2686408046489327		0.004301909314784617		-0.004749953989011262		0.8541728016637274
0.2798108986033522		0.004546876158432579		-0.005234677832739534		0.8338244216110949
0.2912476365805247		0.004790696550220032		-0.0057456660151048965		0.8137959463077422
0.3029397319008408		0.005032233694551305		-0.006281776096481804		0.7941300967488478
0.314875645877823		0.005270376333114542		-0.0068416168846142395		0.7748638213157975
0.3270435992054166		0.005504046545424764		-0.007423556910876724		0.7560284628555493
0.339431583582742		0.005732206006379291		-0.00802573463108064		0.737650001402376
0.35202737356483826		0.005953860802059297		-0.008646070019166334		0.7197493568308079
0.3648185386277011		0.006168064944863269		-0.009282277269409254		0.7023427360248179
0.3777924554357096		0.006373922755513076		-0.009931878375728578		0.6854420100873307
0.39093632029933423		0.006570590293485563		-0.010592217410674995		0.669055108516111
0.4042371618108328		0.0067572760205983394		-0.011260475377973703		0.6531864189649615
0.4176818536454633		0.00693324087682683		-0.011933685558450062		0.6378371830410263
0.4312571275155823		0.007097797935074821		-0.012608749308079288		0.6230058804348083
0.4449495862648426		0.007250311784663069		-0.013282452298039782		0.6086885954439128
0.45874571708956935		0.007390197773595682		-0.013951481209935676		0.5948793615678056
0.47263190487426576		0.00751692121881125		-0.014612440915307267		0.5815704812780567
0.48659444562808785		0.007629996672849751		-0.015261872177961		0.5687528192870157
0.5006195600090297		0.00772898731559384		-0.015896269921551152		0.5564160686447088
0.5146934069224699		0.00781350452155628		-0.016512102104226274		0.5445489897980559
0.5288020971806608		0.007883207636929892		-0.017105829237977606		0.53313962336541
0.5429317072096808		0.007937803986408457		-0.017673924583373718		0.522175477834606
0.5570682927903193		0.007977049117572155		-0.018212895041186828		0.5116436937078314
0.5711979028193392		0.008000747280276867		-0.01871930275140986		0.5015311858153861
0.5853065930775303		0.00800875212972153		-0.019189787397350833		0.4918247656251469
0.5993804399909703		0.008000967634479378		-0.01962108919787865		0.48251124540557816
0.6134055543719121		0.007977349164431512		-0.02001007255404762		0.4735775260751924
0.6273680951257343		0.007937904728041978		-0.02035375029695572		0.46501067050554085
0.6412542829104306		0.007882696323492821		-0.020649308461175457		0.45679796395065314
0.6550504137351575		0.007811841363723798		-0.020894131482030027		0.4489269631634222
0.6687428724844179		0.007725514131267134		-0.021085827684926645		0.44138553563678073
0.6823181463545368		0.0076239472149182965		-0.021222254900779426		0.43416189028073005
0.6957628381891673		0.007507432876756492		-0.02130154600332967		0.4272446007199811
0.7090636797006657		0.007376324294952731		-0.02132213412250325		0.42062262227444513
0.7222075445642904		0.007231036625347754		-0.021282777243857364		0.41428530356833393
0.735181461372299		0.007072047823163		-0.02118258185922551		0.40822239360467333
0.7479726264351618		0.006899899165715686		-0.021021025290104602		0.4024240450414161
0.7605684164172581		0.006715195417881519		-0.02079797626571188		0.3968808143134283
0.7729564007945834		0.006518604584575916		-0.020513713305148316		0.39158365916141596
0.785124354122177		0.006310857198878087		-0.020168940430924827		0.3865239340541224
0.7970602680991593		0.006092745100740755		-0.019764799732529596		0.38169338392345287
0.8087523634194754		0.005865119669514546		-0.019302880306603508		0.37708413657305184
0.8201891013966479		0.00562888948361806		-0.018785223126748872		0.3726886940687023
0.8313591953510673		0.005385017392360194		-0.018214321442282973		0.36849992337312837
0.8422516217485826		0.005134516997715987		-0.01759311637111256		0.3645110464477701
0.852855631079398		0.004878448557240084		-0.016924987435795517		0.3607156300092688
0.8631607584665414		0.004617914332669776		-0.016213737890817117		0.357107575098209
0.873156833993435		0.004354053421431069		-0.015463574798716165		0.35368110659158464
0.8828339927403744		0.004088036119636017		-0.014679083927863358		0.35043076276801377
0.8921826845200139		0.003821057874686039		-0.01386519965962237		0.34735138501548857
0.9011936833022484		0.003554332892900368		-0.013027170201743302		0.3444381077550099
0.9098580963191908		0.003289087472464647		-0.01217051850315114		0.3416863486394779
0.9181673728412606		0.0030265531343953624		-0.011300999348743327		0.33909179907535875
0.9261133126157217		0.0027679596243312342		-0.010424553178899046		0.3366504151046577
0.9336880739593416		0.0025145278560648513		-0.009547257225852326		0.3343584086763447
0.9408841814971861		0.0022674628642410316		-0.008675274588186708		0.3322122393293795
0.9476945335399121		0.0020279468290228977		-0.007814801876850807		0.33020860630368065
0.9541124090922771		0.0017971322302133491		-0.006972016063497412		0.3283444410906179
0.9601314744859504		0.0015761351827317522		-0.0061530211473393714		0.3266169004307116
0.9657457896300792		0.001366028999817293		-0.005363795232923315		0.32502335976309743
0.9709498138734404		0.0011678380251087795		-0.004610138580925054		0.32356140712882786
0.9757384114723954		0.0009825317699903248		-0.0038976231595758298		0.3222288375281479
0.9801068566592486		0.0008110193883592085		-0.003231544187446742		0.32102364773041936
0.9840508383060091		0.0006541445172745518		-0.002616874120394916		0.31994403153430406
0.9875664641789546		0.0005126805087268819		-0.002058219497325298		0.31898837547507924
0.9906502647797946		0.0003873260749548591		-0.0015597810215185574		0.3181552549755215
0.9932991967696483		0.0002787013672252		-0.0011253172167430604		0.3174434309365836
0.9955106459724509		0.00018734450569752142		-0.0007581119601903427		0.3168518467640786
0.997282429954831		0.00011370857582187325		-0.00046094615725569203		0.31637962582774615
0.9986128001799076		5.815910459980418e-05		-0.00023607378616773364		0.3160260693493644
0.9995004437328866		2.0972027921151948e-05		-8.520250325586541e-05		0.3157906547169739
0.9999444846167472		2.3321580383190633e-06		-9.478962125764912e-06		0.3156730342227699
0.09146255741389592		0.011197197065776014