0.10005551538325275		4.831789835066692e-05		-2.3642399358594352e-05		1.2714331412551207
0.1004995562671135		0.00014557868101204149		-7.159456804227272e-05		1.2700523292688253
0.10138719982009242		0.0002447073581250227		-0.00012155958100692627		1.2672960773145083
0.10271757004516914		0.00034692562753409586		-0.0001749146418669244		1.2631751572982197
0.10448935402754911		0.00045341978850169226		-0.00023308827158837476		1.2577057933743487
0.10670080323035176		0.0005653265489954145		-0.0002975776010308222		1.250909732151422
0.10934973522020541		0.0006837189430955837		-0.0003699625540827225		1.2428143210592415
0.11243353582104555		0.0008095925565907749		-0.00045191621236330393		1.2334525825155693
0.11594916169399087		0.0009438523270265506		-0.0005452107849131232		1.222863269358151
0.11989314334075145		0.0010873002223487874		-0.0006517187605741231		1.211090885497511
0.12426158852760462		0.0012406241018449236		-0.0007734089879823993		1.198185655056591
0.1290501861265597		0.0014043880253312257		-0.000912337597495286		1.1842034235411865
0.13425421036992097		0.0015790242108228532		-0.0010706338404320888		1.1692054759438215
0.13986852551404963		0.0017648267623298056		-0.0012504810658269287		1.1532582591809093
0.14588759090772296		0.0019619472147146886		-0.0014540931799308092		1.1364329998780232
0.15230546646008794		0.0021703918859222507		-0.0016836870402303673		1.118805213133395
0.15911581850281398		0.00239002099647974		-0.0019414513287225265		1.100454103282271
0.16631192604065853		0.00262054951231257		-0.0022295125348348603		1.081461863529834
0.17388668738427837		0.0028615496825005137		-0.0025498987612913404		1.0619128872113641
0.1818326271587395		0.0031124552663656965		-0.0029045021468854346		1.0418929089213467
0.19014190368080924		0.0033725674603487647		-0.0032950407737846027		1.0214880983739627
0.19880631669775164		0.003670781923805586		-0.00369533443307518		1.0007841332135006
0.2078173154799861		0.004021679950978305		-0.004096509712455318		0.979865278784435
0.21716600725962565		0.004372223864884688		-0.004548899785610364		0.9588135029380809
0.22684316600656504		0.004715562427869139		-0.005056585644332119		0.9377076522990808
0.23683924153345856		0.005044182744596724		-0.005623080733562708		0.9166227132051542
0.24714436892060201		0.005350065674864733		-0.006251217093927109		0.8956291760709811
0.2577483782514174		0.005624860195915237		-0.0069430526315719275		0.8747925166137879
0.2686408046489327		0.005860068889576143		-0.007699801880330162		0.8541728016637274
0.2798108986033522		0.006047236914024671		-0.008521791039993851		0.8338244216110949
0.2912476365805247		0.006251420235331225		-0.009362024448624407		0.8137959463077422
0.3029397319008408		0.0065393284379103		-0.010178982714343606		0.7941300967488478
0.314875645877823		0.006821831782526512		-0.011028144030816306		0.7748638213157975
0.3270435992054166		0.007097613315665511		-0.011906749064636872		0.7560284628555493
0.339431583582742		0.00736539927313413		-0.012811681207610661		0.737650001402376
0.35202737356483826		0.0076239672036352655		-0.013739486193271054		0.7197493568308079
0.3648185386277011		0.00787215262701141		-0.014686394494502271		0.7023427360248179
0.3777924554357096		0.008108854318751932		-0.0156483460918881		0.6854420100873307
0.39093632029933423		0.008333038351576512		-0.016621017256587267		0.669055108516111
0.4042371618108328		0.008543741049821087		-0.017599849048976747		0.6531864189649615
0.4176818536454633		0.00874007102423687		-0.018580077289358943		0.6378371830410263
0.4312571275155823		0.008921210455646846		-0.019556763805531164		0.6230058804348083
0.4449495862648426		0.009086415788063282		-0.020524828801386518		0.6086885954439128
0.45874571708956935		0.009235017977726693		-0.021479084219610527		0.5948793615678056
0.47263190487426576		0.009366422426332203		-0.022414267989795105		0.5815704812780567
0.48659444562808785		0.009480108706357498		-0.023325079061446995		0.5687528192870157
0.5006195600090297		0.009575630165472478		-0.024206213120606227		0.5564160686447088
0.5146934069224699		0.00965261347664763		-0.02505239888051531		0.5445489897980559
0.5288020971806608		0.009710758181626408		-0.025858434822617456		0.53313962336541
0.5429317072096808		0.009749836258408133		-0.026619226245709542		0.522175477834606
0.5570682927903193		0.00976969172856949		-0.027329822459820474		0.5116436937078314
0.5711979028193392		0.009770240307760102		-0.027985453938801266		0.5015311858153861
0.5853065930775303		0.009751469092451687		-0.028581569222803575		0.4918247656251469
0.5993804399909703		0.009713436267934998		-0.02911387134002482		0.48251124540557816
0.6134055543719121		0.009656270816383516		-0.02957835349700458		0.4735775260751924
0.6273680951257343		0.00958017219940127		-0.029971333769321918		0.46501067050554085
0.6412542829104306		0.009485409986562601		-0.030289488510200448		0.45679796395065314
0.6550504137351575		0.009372323399862985		-0.03052988418387571		0.4489269631634222
0.6687428724844179		0.009241320743505135		-0.030690007323904017		0.44138553563678073
0.6823181463545368		0.009092878688886242		-0.030767792314230717		0.43416189028073005
0.6957628381891673		0.008927541385844066		-0.030761646692878435		0.4272446007199811
0.7090636797006657		0.00874591937304572		-0.030670473684725336		0.42062262227444513
0.7222075445642904		0.008548688262733067		-0.03049369168099995		0.41428530356833393
0.735181461372299		0.008336587177756276		-0.030231250398710687		0.40822239360467333
0.7479726264351618		0.00811041692187627		-0.029883643473229228		0.4024240450414161
0.7605684164172581		0.007871037867579592		-0.02945191726131023		0.3968808143134283
0.7729564007945834		0.007619367549104819		-0.028937675659845393		0.39158365916141596
0.785124354122177		0.007356377951933949		-0.028343080777160135		0.3865239340541224
0.7970602680991593		0.007083092493631365		-0.027670849328384223		0.38169338392345287
0.8087523634194754		0.006800582694571796		-0.026924244663936947		0.37708413657305184
0.8201891013966479		0.006509964540725313		-0.026107064379914075		0.3726886940687023
0.8313591953510673		0.006212394544270446		-0.025223623500820795		0.36849992337312837
0.8422516217485826		0.0059090655113153406		-0.02427873326799647		0.3645110464477701
0.852855631079398		0.005601202029404964		-0.023277675610732525		0.3607156300092688
0.8631607584665414		0.005290055690777186		-0.022226173421048438		0.357107575098209
0.873156833993435		0.004976900070431204		-0.021130356796630712		0.35368110659158464
0.8828339927403744		0.004663025481014496		-0.019996725459211755		0.35043076276801377
0.8921826845200139		0.004349733529260374		-0.018832107596990007		0.34735138501548857
0.9011936833022484		0.004038331501215991		-0.01764361541913177		0.3444381077550099
0.9098580963191908		0.0037301266057769406		-0.016438597747486777		0.3416863486394779
0.9181673728412606		0.0034264201080462836		-0.015224590004824136		0.33909179907535875
0.9261133126157217		0.003128501385786084		-0.014009261989895392		0.3366504151046577
0.9336880739593416		0.0028376419436796003		-0.012800363856924242		0.3343584086763447
0.9408841814971861		0.002555089421281842		-0.01160567074045993		0.3322122393293795
0.9476945335399121		0.0022820616313906517		-0.010432926485600277		0.33020860630368065
0.9541124090922771		0.0020197406661090446		-0.009289786958132476		0.3283444410906179
0.9601314744859504		0.001769267108091318		-0.008183763418982547		0.3266169004307116
0.9657457896300792		0.001531734384365427		-0.007122166452358076		0.32502335976309743
0.9709498138734404		0.0013081832997036168		-0.006112050937036525		0.32356140712882786
0.9757384114723954		0.0010995967857751914		-0.005160162545364983		0.3222288375281479
0.9801068566592486		0.0009068949012603299		-0.00427288624470147		0.32102364773041936
0.9840508383060091		0.0007309301167477875		-0.0034561972613586928		0.31994403153430406
0.9875664641789546		0.0005724829165844844		-0.0027156149477034976		0.31898837547507924
0.9906502647797946		0.00043225774791159205		-0.002056159969135446		0.3181552549755215
0.9932991967696483		0.00031087934491848664		-0.001482315199417345		0.3174434309365836
0.9955106459724509		0.00020888945390035122		-0.0009979906805832857		0.3168518467640786
0.997282429954831		0.0001267439820279631		-0.0006064929676842878		0.31637962582774615
0.9986128001799076		6.481058986130638e-05		-0.00031049913935700624		0.3160260693493644
0.9995004437328866		2.3366744580596286e-05		-0.0001120357129897121		0.3157906547169739
0.9999444846167472		2.598247700441784e-06		-1.2462658569001731e-05		0.3156730342227699
0.04456298099042988		0.004492032368139239