0.10005551538325275		4.997949147962023e-07		5.735303084678445e-07		1.2714331412551207
0.1004995562671135		8.494640994317905e-06		-4.917911471062915e-07		1.2700523292688253
0.10138719982009242		3.264399260653981e-05		-7.02968879125954e-06		1.2672960773145083
0.10271757004516914		7.614025151295925e-05		-2.094249282722742e-05		1.26317515729822
0.10448935402754911		0.00013725967586148194		-4.2713855816132855e-05		1.2577057933743487
0.10670080323035176		0.00021290592626615289		-7.224264539530768e-05		1.250909732151422
0.10934973522020541		0.0003010772749571682		-0.00010972253808115456		1.2428143210592415
0.11243353582104555		0.00040075635782986914		-0.00015572261779879586		1.2334525825155693
0.11594916169399087		0.000511280410077546		-0.00021099244696789167		1.222863269358151
0.11989314334075145		0.0006321355342633654		-0.00027638968397778667		1.211090885497511
0.12426158852760462		0.0007629357679377286		-0.0003528805094328857		1.198185655056591
0.1290501861265597		0.0009034029292952198		-0.00044154004351538924		1.1842034235411867
0.13425421036992097		0.0010533365788890857		-0.0005435451798869154		1.1692054759438215
0.13986852551404963		0.0012125841604225254		-0.0006601635549886968		1.1532582591809093
0.14588759090772296		0.0013810126771498172		-0.0007927388667894614		1.1364329998780232
0.15230546646008794		0.0015584819495357326		-0.0009426721276408777		1.118805213133395
0.15911581850281398		0.0017448201165653745		-0.0011113989304887618		1.100454103282271
0.16631192604065853		0.001939802197951939		-0.0013003631743537562		1.0814618635298339
0.17388668738427837		0.0021431324174787836		-0.0015109879385947179		1.0619128872113641
0.1818326271587395		0.0023544307923836372		-0.0017446443826631757		1.0418929089213467
0.19014190368080924		0.00257322426509695		-0.002002619677645504		1.0214880983739627
0.19880631669775162		0.00279894241112136		-0.0022860850355446655		1.0007841332135006
0.20781731547998605		0.00303091752181716		-0.0025960648879443365		0.9798652787844352
0.2171660072596256		0.0032683886540382043		-0.002933408182763941		0.958813502938081
0.22684316600656504		0.003510509075755599		-0.003298762628609972		0.9377076522990808
0.23683924153345856		0.003756356427113432		-0.003692552537353941		0.9166227132051542
0.24714436892060196		0.0040049448621610525		-0.004114960715244728		0.8956291760709812
0.2577483782514174		0.004255238434488325		-0.004565914648729574		0.874792516613788
0.2686408046489327		0.0045061650326826685		-0.0050450770386011295		0.8541728016637274
0.27981089860335207		0.00475663024893146		-0.005551840567176938		0.8338244216110952
0.2912476365805246		0.005005530665139647		-0.006085326646149135		0.8137959463077423
0.3029397319008408		0.00525176615472018		-0.006644387791805277		0.7941300967488478
0.31487564587782313		0.005494250914912734		-0.007227613210210419		0.7748638213157972
0.3270435992054167		0.0057319230559461825		-0.007833337145355172		0.7560284628555493
0.339431583582742		0.005963752673455645		-0.008459649543704073		0.737650001402376
0.35202737356483826		0.006188748415252507		-0.009104408613106655		0.7197493568308079
0.3648185386277011		0.006405962620747056		-0.009765254896130712		0.7023427360248178
0.3777924554357096		0.006614495160652686		-0.010439626531078343		0.6854420100873309
0.39093632029933423		0.006813496136995054		-0.011124775432350409		0.669055108516111
0.4042371618108328		0.00700216762077663		-0.01181778418044443		0.6531864189649614
0.4176818536454632		0.007179764609352717		-0.012515583466838839		0.6378371830410264
0.4312571275155823		0.007345595380294201		-0.013214969987537944		0.6230058804348083
0.4449495862648425		0.007499021405898268		-0.013912624719465255		0.6086885954439128
0.45874571708956935		0.007639456974967145		-0.014605131545415932		0.5948793615678056
0.47263190487426576		0.007766368648085393		-0.015288996215872232		0.5815704812780567
0.48659444562808774		0.007879274651124516		-0.015960665650251525		0.5687528192870158
0.5006195600090297		0.007977744290372346		-0.016616547586970554		0.5564160686447088
0.5146934069224698		0.008061397452523433		-0.017253030592338504		0.544548989798056
0.5288020971806608		0.008129904234381865		-0.01786650443397937		0.5331396233654101
0.5429317072096808		0.008182984730925009		-0.018453380816615905		0.5221754778346062
0.5570682927903193		0.008220408996518274		-0.01901011446790289		0.5116436937078315
0.5711979028193392		0.00824199718256843		-0.019533224550760047		0.5015311858153861
0.5853065930775303		0.008247619845680459		-0.020019316367445666		0.4918247656251469
0.5993804399909703		0.008237198413243425		-0.020465103310292627		0.48251124540557816
0.6134055543719121		0.008210705788114028		-0.02086742900538325		0.4735775260751924
0.6273680951257343		0.008168167070426651		-0.021223289588972287		0.46501067050554085
0.6412542829104306		0.008109660372249363		-0.021529856052421147		0.4567979639506531
0.6550504137351575		0.008035317699548397		-0.021784496589784878		0.4489269631634222
0.6687428724844179		0.00794532587537292		-0.021984798882498338		0.44138553563678073
0.6823181463545367		0.007839927478021898		-0.02212859225704168		0.4341618902807301
0.6957628381891673		0.007719421767825976		-0.022213969652575195		0.42724460071998105
0.7090636797006656		0.007584165575723941		-0.02223930933442938		0.42062262227444513
0.7222075445642904		0.007434574125677489		-0.02220329628355513		0.41428530356833393
0.735181461372299		0.00727112176080149		-0.022104943178611784		0.4082223936046734
0.7479726264351618		0.007094342539686922		-0.021943610863335662		0.40242404504141616
0.7605684164172581		0.006904830664568481		-0.02171902815404789		0.3968808143134283
0.7729564007945834		0.006703240696868317		-0.021431310788579037		0.39158365916141596
0.7851243541221772		0.0064902875084798615		-0.021080979247437275		0.3865239340541222
0.7970602680991593		0.00626674590957907		-0.020668975092038973		0.38169338392345287
0.8087523634194754		0.006033449886654901		-0.020196675367181973		0.37708413657305184
0.8201891013966479		0.005791291378982321		-0.019665904512748224		0.37268869406870225
0.8313591953510673		0.00554121851926746		-0.019078943133260463		0.36849992337312837
0.8422516217485826		0.0052842332659282934		-0.01843853289599768		0.3645110464477701
0.852855631079398		0.005021388361469777		-0.017747876782716266		0.36071563000926876
0.8631607584665414		0.004753783564226886		-0.017010633919666007		0.357107575098209
0.8731568339934349		0.004482561119260488		-0.016230908265772875		0.3536811065915847
0.8828339927403744		0.004208900457752918		-0.015413230556476233		0.3504307627680139
0.8921826845200139		0.003934012141849678		-0.014562533084517937		0.3473513850154885
0.9011936833022484		0.0036591311023480835		-0.013684117150002619		0.3444381077550099
0.9098580963191908		0.003385509247675483		-0.0127836133214955		0.3416863486394779
0.9181673728412605		0.00311440754730304		-0.01186693497175689		0.3390917990753588
0.9261133126157215		0.002847087692746498		-0.010940225748233737		0.33665041510465776
0.9336880739593416		0.0025848033807528608		-0.01000980144290228		0.33435840867634475
0.9408841814971861		0.0023287911146146513		-0.009082085882219492		0.3322122393293795
0.9476945335399121		0.00208026022237462		-0.008163539311934628		0.33020860630368065
0.954112409092277		0.001840381790889146		-0.007260578398086161		0.32834444109061794
0.9601314744859504		0.0016102769642704592		-0.006379494192419866		0.3266169004307116
0.9657457896300791		0.0013910072445436222		-0.0055263942114161845		0.32502335976309754
0.9709498138734404		0.0011835731940588988		-0.00470722761210131		0.3235614071288279
0.9757384114723954		0.0009889317607914628		-0.00392798149979777		0.32222883752814785
0.9801068566592485		0.0008080426387718163		-0.0031951193108192906		0.32102364773041936
0.984050838306009		0.0006419461236647976		-0.002516214292305139		0.3199440315343041
0.9875664641789544		0.000491856832904869		-0.0019004984263482955		0.3189883754750792
0.9906502647797946		0.00035923317489622677		-0.0013588091421178146		0.3181552549755215
0.9932991967696483		0.00024576148045473334		-0.0009024227478204718		0.3174434309365836
0.9955106459724509		0.0001531871685392607		-0.0005406923956331399		0.3168518467640787
0.997282429954831		8.293422338888073e-05		-0.00027802675570599654		0.31637962582774615
0.9986128001799076		3.5471242717963376e-05		-0.0001110445911867908		0.3160260693493644
0.9995004437328866		9.418556335457586e-06		-2.6584028816727035e-05		0.31579065471697393
0.9999444846167472		4.7289520177402476e-07		-9.468572600151319e-07		0.3156730342227699
0.07956075339891804		0.009603842261016344