0.10005551538325275		6.7981383965268224e-06		-2.6676107808458473e-06		1.116952585702975
0.1004995562671135		2.1364048891462446e-05		-8.52190077274431e-06		1.1164875871767648
0.10138719982009242		3.884570920666552e-05		-1.5951855032359202e-05		1.1155580490217498
0.10271757004516914		6.120846398071239e-05		-2.606918229284643e-05		1.1141648885798645
0.10448935402754911		9.044546219236411e-05		-4.0076540172496306e-05		1.1123094807322669
0.10670080323035176		0.0001285803691212849		-5.930192526036073e-05		1.1099936565424962
0.10934973522020541		0.00017766280146130003		-8.523087737697195e-05		1.1072197014494352
0.11243353582104555		0.0002397558548818937		-0.00011953562602008886		1.1039903530118569
0.11594916169399087		0.0003169159115967891		-0.0001641001794106814		1.100308798206785
0.11989314334075145		0.00041116567087316644		-0.00022104026262129077		1.0961786702843332
0.12426158852760462		0.0005244619534945941		-0.0002927169803808821		1.0916040451821238
0.1290501861265597		0.0006586602326511609		-0.00038174313594161873		1.0865894375028322
0.13425421036992097		0.0008154780102726614		-0.0004909812917053154		1.0811397960588167
0.13986852551404963		0.0009964590930464842		-0.0006235329059202524		1.075260498988239
0.14588759090772296		0.0012029405580498403		-0.0007827182014712117		1.0689573484474921
0.15230546646008794		0.0014360237868649302		-0.0009720467825454956		1.062236564885171
0.15911581850281398		0.001696550453842545		-0.0011951793704872296		1.0551047809032417
0.16631192604065853		0.0019850838456010366		-0.0014558813404545944		1.0475690347114635
0.17388668738427837		0.002301895425019975		-0.001757968974009602		1.039636763181526
0.1818326271587395		0.002646956180618289		-0.0021052494831524707		1.0313157945077547
0.19014190368080924		0.003019932050461124		-0.00250145590950046		1.022614340481628
0.19880631669775164		0.003420182589107832		-0.0029501779747519814		1.01354098838773
0.2078173154799861		0.0038467620499721723		-0.0034547898824299848		1.0041046925291384
0.21716600725962565		0.004298422163747695		-0.00401837597774015		0.9943147653906081
0.22684316600656504		0.004773616077596485		-0.0046436550920123856		0.9841808684482724
0.23683924153345856		0.005270503147441669		-0.005332904353845128		0.9737130026349332
0.24714436892060201		0.005786954515736191		-0.006087883254612496		0.9629214984703476
0.2577483782514174		0.006320559632618831		-0.0069097588152986986		0.951817005866252
0.2686408046489327		0.0068686340688024474		-0.007799032809572571		0.9404104836161847
0.2798108986033522		0.0074282291102367145		-0.008755472142599025		0.9287131885804808
0.2912476365805247		0.008570589879315069		-0.009331366202530354		0.9167366645771086
0.3029397319008408		0.009832376164830745		-0.009918469054997213		0.9044927309893164
0.314875645877823		0.01113746999434658		-0.01057306179985076		0.8919934711013274
0.3270435992054166		0.012466755368827302		-0.011302423423964817		0.8792512201735969
0.339431583582742		0.013798419783763434		-0.012112934849528434		0.8662785532694001
0.35202737356483826		0.015108290636374614		-0.013009784279251469		0.8530882728447621
0.3648185386277011		0.01637026322354705		-0.013996690969423615		0.8396933961139806
0.3777924554357096		0.017556810203210444		-0.015075656626312528		0.8261071422032059
0.39093632029933423		0.018639559613409108		-0.016246752761749018		0.812342919104759
0.4042371618108328		0.01958992623170273		-0.017507951282941973		0.7984143104450638
0.4176818536454633		0.02037977926229986		-0.018855004364567215		0.7843350620792457
0.4312571275155823		0.02098212809218153		-0.020281378291187566		0.770119068525634
0.4449495862648426		0.021371807177557205		-0.021778244497529		0.7557803592535481
0.45874571708956935		0.02152614101065995		-0.023334529505409655		0.7413330848379063
0.47263190487426576		0.021425570562583863		-0.024937023892293877		0.7267915029943162
0.48659444562808785		0.021054223575665162		-0.026570548861465586		0.7121699645084311
0.5006195600090297		0.020400412551400633		-0.028218177452661194		0.6974828990734565
0.5146934069224699		0.01945704619792275		-0.029861505970077914		0.6827448010497862
0.5288020971806608		0.01822194240497871		-0.031480969847316596		0.6679702151608173
0.5429317072096808		0.016698033435391075		-0.03305619695024801		0.6531737221390648
0.5570682927903193		0.015115243047031574		-0.03447548109059259		0.6383699243367389
0.5711979028193392		0.014997053604069048		-0.0351226178958056		0.6235734313149864
0.5853065930775303		0.014822020479785179		-0.035629400014579364		0.6087988454260174
0.5993804399909703		0.014591457829369863		-0.035987768133299125		0.5940607474023472
0.6134055543719121		0.014307260982091955		-0.03619115630908202		0.5793736819673728
0.6273680951257343		0.013971886161389845		-0.03623464551495563		0.5647521434814876
0.6412542829104306		0.013588320636737261		-0.036115094411043956		0.5502105616378975
0.6550504137351575		0.013160043772695666		-0.035831243678829776		0.5357632872222555
0.6687428724844179		0.012690979659063073		-0.03538379067363294		0.5214245779501697
0.6823181463545368		0.012185442207362805		-0.03477543166354349		0.507208584396558
0.6957628381891673		0.011648073776797505		-0.03401086952248011		0.49312933603074
0.7090636797006657		0.01108377854183616		-0.03309678542013717		0.4792007273710448
0.7222075445642904		0.010497651929433593		-0.032041773789592075		0.4654365042725981
0.735181461372299		0.009894907533379503		-0.030856240639736254		0.451850250361823
0.7479726264351618		0.009280802954753345		-0.029552266098553947		0.43845537363104164
0.7605684164172581		0.008660566020575524		-0.028143432906998053		0.4252650932064037
0.7729564007945834		0.008039322798662636		-0.026644623413279465		0.412292426302207
0.785124354122177		0.0074220287577725155		-0.02507178842386901		0.39955017537447646
0.7970602680991593		0.006813404321916719		-0.02344169202984861		0.38705091548648735
0.8087523634194754		0.006217875940600121		-0.021771637224153678		0.37480698189869516
0.8201891013966479		0.005639523647671836		-0.0200791777351871		0.3628304578953231
0.8313591953510673		0.005082035915748408		-0.01838182200430995		0.35113316285961915
0.8422516217485826		0.004548672436049766		-0.016696735608712217		0.3397266406095519
0.852855631079398		0.0040422352700746345		-0.015040448659232205		0.32862214800545614
0.8631607584665414		0.0035650486345679324		-0.013428574769974177		0.3178306438408706
0.873156833993435		0.0031189473989164007		-0.011875548092124674		0.3073627780275313
0.8828339927403744		0.0027052741982550835		-0.010394384622616262		0.29722888108519563
0.8921826845200139		0.0023248848994552288		-0.008996473539324394		0.2874389539466654
0.9011936833022484		0.0019781620037199344		-0.007691403685004495		0.27800265808807395
0.9098580963191908		0.0016650354313181384		-0.006486829535418713		0.2689293059941759
0.9181673728412606		0.0013850100133241683		-0.005388380062590812		0.26022785196804904
0.9261133126157217		0.0011371989141459537		-0.004399612867207694		0.2519068832942777
0.9336880739593416		0.0009203621288198938		-0.003522014834714139		0.24397461176434032
0.9408841814971861		0.0007329491418729417		-0.0027550494009905345		0.2364388655725622
0.9476945335399121		0.0005731448008452687		-0.0020962493309051593		0.22930708159063282
0.9541124090922771		0.00043891744756523887		-0.0015413527521783688		0.2225862980283116
0.9601314744859504		0.0003280683634925673		-0.0010844790825609235		0.2162831474875648
0.9657457896300792		0.00023828162061491787		-0.0007183404726201987		0.21040385041698711
0.9709498138734404		0.00016717348439123026		-0.00043448348826874693		0.20495420897297154
0.9757384114723954		0.00011234058717356842		-0.0002235550009714558		0.19993960129368
0.9801068566592486		7.140617579220763e-05		-7.558565868029375e-05		0.19536497619147072
0.9840508383060091		4.20638313865833e-05		1.971610914931985e-05		0.19123484826901876
0.9875664641789546		2.2118158590470252e-05		7.266683535598709e-05		0.18755329346394692
0.9906502647797946		9.522040223000401e-06		9.331484066458106e-05		0.18432394502636867
0.9932991967696483		2.4101482661684553e-06		9.1158340507311e-05		0.18154998993330748
0.9955106459724509		-8.715118446984107e-07		7.48817226313985e-05		0.17923416574353698
0.997282429954831		-1.7401719736704998e-06		5.21164103187686e-05		0.1773787578959392
0.9986128001799076		-1.3550747405474232e-06		2.9232101405899988e-05		0.17598559745405407
0.9995004437328866		-6.004917446819106e-07		1.1163416463722649e-05		0.175056059299039
0.9999444846167472		-7.299809465656893e-08		1.2761202643276704e-06		0.174591060772829
0.06122366202234158		0.008633776042147701