 0.000000000000000000    0.002836460946277561    0.002772053465900858    0.000441186011613142
 0.100000000000000000    0.072692891703873746    0.045013268975311092    0.007164084262145815
 0.200000000000000000    0.086859652255566272    0.046457006290804429    0.007393862192432803
 0.300000000000000000    0.086583901412889810    0.046614978063606881    0.007419004180943303
 0.400000000000000000    0.080252958377437738    0.046471657987724943    0.007396194082422387
 0.500000000000000000    0.069695013154628833    0.044250255866139078    0.007042646954177173
 0.600000000000000000    0.057248204724437698    0.040099397873884757    0.006382017386637397
 0.700000000000000000    0.043638166766745800    0.033665576875334522    0.005358042971749693
 0.800000000000000000    0.029242014370703446    0.024728371412675276    0.003935642544939585
 0.900000000000000000    0.014258273725195939    0.013142859623615776    0.002091751075461338
 1.000000000000000000    0.001210787132449544    0.001195634830377061    0.000190291193387349
