0.10005551538325275		3.864885474827867e-07		1.0699954991673301e-08		1.2714331412551207
0.1004995562671135		9.278104100751231e-06		-2.8716766779553866e-06		1.2700523292688253
0.10138719982009242		3.546732882559994e-05		-1.4283780228562246e-05		1.2672960773145083
0.10271757004516914		7.876257603524625e-05		-3.9762113897134315e-05		1.26317515729822
0.10448935402754911		0.00015123933586774893		-5.4756876080254954e-05		1.2577057933743487
0.10670080323035176		0.00026474793232379246		-5.4280352246555155e-05		1.250909732151422
0.10934973522020541		0.0003713792478377046		-0.00010505261621337821		1.2428143210592415
0.11243353582104555		0.0004933092355269318		-0.00017773267360817762		1.2334525825155693
0.11594916169399087		0.0006322294358048243		-0.00027536431011832376		1.222863269358151
0.11989314334075145		0.0007906568082702124		-0.000400718641704521		1.211090885497511
0.12426158852760462		0.0009716917134324251		-0.00055620083453313		1.198185655056591
0.1290501861265597		0.0011783097021899028		-0.0007430701898003081		1.1842034235411867
0.13425421036992097		0.0014159029334668018		-0.0009696030295011489		1.1692054759438215
0.13986852551404963		0.0016740137921136332		-0.0012050282476529159		1.1532582591809093
0.14588759090772296		0.001964346095368378		-0.0014780077570379737		1.1364329998780232
0.15230546646008794		0.002260059090860976		-0.0017068942905839135		1.118805213133395
0.15911581850281398		0.0026095682949644795		-0.002024349503513773		1.100454103282271
0.16631192604065853		0.002993162705597207		-0.0023677679367864113		1.0814618635298339
0.17388668738427837		0.0034181244999619536		-0.0027570676849810625		1.0619128872113641
0.1818326271587395		0.0038860122069080813		-0.0031951046960569385		1.0418929089213467
0.19014190368080924		0.00439823749143673		-0.003685741640745848		1.0214880983739627
0.19880631669775162		0.00495567564057803		-0.004232520370213782		1.0007841332135006
0.20781731547998605		0.0055586550160390226		-0.0048386274744483225		0.9798652787844352
0.2171660072596256		0.0062069476501686585		-0.005506825688981197		0.958813502938081
0.22684316600656504		0.006899770636860695		-0.006239385468598947		0.9377076522990808
0.23683924153345856		0.007635798802126375		-0.007038022105296163		0.9166227132051542
0.24714436892060196		0.008413187843701968		-0.007903841659860925		0.8956291760709812
0.2577483782514174		0.009229606404666055		-0.008837297722209866		0.874792516613788
0.2686408046489327		0.010082275168421896		-0.00983816008835401		0.8541728016637274
0.27981089860335207		0.010968010932642096		-0.01090549569433677		0.8338244216110952
0.2912476365805246		0.011883273674277876		-0.012037661541818099		0.8137959463077423
0.3029397319008408		0.012824214803958258		-0.013232308879793778		0.7941300967488478
0.31487564587782313		0.013786725079191386		-0.014486397570435247		0.7748638213157972
0.3270435992054167		0.014766480960744637		-0.015796219357847578		0.7560284628555493
0.339431583582742		0.015758988521583354		-0.017157428663790008		0.737650001402376
0.35202737356483826		0.01675962432689317		-0.018565079535725587		0.7197493568308079
0.3648185386277011		0.017763672979101162		-0.020013667448407005		0.7023427360248178
0.3777924554357096		0.018766361252877395		-0.021497174788241355		0.6854420100873309
0.39093632029933423		0.01976288892740075		-0.023009119008860556		0.669055108516111
0.4042371618108328		0.020748456557008518		-0.024542602618363614		0.6531864189649614
0.4176818536454632		0.021718290510403745		-0.026090364328959285		0.6378371830410264
0.4312571275155823		0.022667665658502038		-0.027644830857339674		0.6230058804348083
0.4449495862648425		0.023591926108536318		-0.02919816900202114		0.6086885954439128
0.45874571708956935		0.024486504374096746		-0.03074233773822157		0.5948793615678056
0.47263190487426576		0.02534693934390534		-0.03226914016035146		0.5815704812780567
0.48659444562808774		0.026168893372283536		-0.033770275167787765		0.5687528192870158
0.5006195600090297		0.02694816876636049		-0.0352373888333057		0.5564160686447088
0.5146934069224698		0.02768072389332493		-0.036662125418567844		0.544548989798056
0.5288020971806608		0.028362689078541663		-0.03803617801073742		0.5331396233654101
0.5429317072096808		0.028990382414642572		-0.03935133875228054		0.5221754778346062
0.5570682927903193		0.02956032555447804		-0.04059954862580663		0.5116436937078315
0.5711979028193392		0.030069259518236597		-0.04177294674057653		0.5015311858153861
0.5853065930775303		0.030514160507935158		-0.04286391905013641		0.4918247656251469
0.5993804399909703		0.03089225569117738		-0.04386514641390321		0.48251124540557816
0.6134055543719121		0.031201038890818576		-0.04476965190180084		0.4735775260751924
0.6273680951257343		0.03143828609792332		-0.04557084723209548		0.46501067050554085
0.6412542829104306		0.03160207071195276		-0.04626257822984096		0.4567979639506531
0.6550504137351575		0.03169077840423692		-0.04683916919792766		0.4489269631634222
0.6687428724844179		0.03170312149787395		-0.04729546610481584		0.44138553563678073
0.6823181463545367		0.03163815275865334		-0.04762687851226998		0.4341618902807301
0.6957628381891673		0.03149527849631092		-0.04782942019098885		0.42724460071998105
0.7090636797006656		0.03127427088205915		-0.047899748398913373		0.42062262227444513
0.7222075445642904		0.030975279395038566		-0.04783520182129466		0.41428530356833393
0.735181461372299		0.030598841314626916		-0.047633837186232895		0.4082223936046734
0.7479726264351618		0.030017092437204677		-0.04730774089888429		0.40242404504141616
0.7605684164172581		0.02818880737074101		-0.04696026564798092		0.3968808143134283
0.7729564007945834		0.02639903383877249		-0.046457267009922136		0.39158365916141596
0.7851243541221772		0.02465296340132155		-0.045800823784155904		0.3865239340541222
0.7970602680991593		0.022954917941959314		-0.04499400818180696		0.38169338392345287
0.8087523634194754		0.021308377343217645		-0.04404089294399582		0.37708413657305184
0.8201891013966479		0.019716023620026682		-0.042946554177387124		0.37268869406870225
0.8313591953510673		0.018179799338252655		-0.04171706911417544		0.36849992337312837
0.8422516217485826		0.01670097721141547		-0.040359507775632415		0.3645110464477701
0.852855631079398		0.015280236913054284		-0.03888191730986404		0.36071563000926876
0.8631607584665414		0.01391774438740673		-0.037293297598861005		0.357107575098209
0.8731568339934349		0.01261322821571367		-0.03560356657563082		0.3536811065915847
0.8828339927403744		0.011366046741112574		-0.0338235135214681		0.3504307627680139
0.8921826845200139		0.010175238570679484		-0.031964738397334276		0.3473513850154885
0.9011936833022484		0.009039548094769076		-0.030039575085835827		0.3444381077550099
0.9098580963191908		0.007957418196573753		-0.02806099666110472		0.3416863486394779
0.9181673728412605		0.006926947516503775		-0.02604250234693627		0.3390917990753588
0.9261133126157215		0.005945824506261036		-0.023997990122701006		0.33665041510465776
0.9336880739593416		0.005011280574471387		-0.021941627646233475		0.33435840867634475
0.9408841814971861		0.004120152025680005		-0.019887747998050577		0.3322122393293795
0.9476945335399121		0.0032691972859160696		-0.017850813427960976		0.33020860630368065
0.954112409092277		0.0024558560318447046		-0.015845501931398828		0.32834444109061794
0.9601314744859504		0.001679611282949132		-0.013886962959844137		0.3266169004307116
0.9657457896300791		0.001235268857368231		-0.011968674675142888		0.32502335976309754
0.9709498138734404		0.001082568026997946		-0.010108452769250636		0.3235614071288279
0.9757384114723954		0.0009396814104948355		-0.008345887094311149		0.32222883752814785
0.9801068566592485		0.0008047278084712184		-0.006702132464634648		0.32102364773041936
0.984050838306009		0.0006756026710370965		-0.005200427535525819		0.3199440315343041
0.9875664641789544		0.0005506677472927967		-0.0038647059547438946		0.3189883754750792
0.9906502647797946		0.00042963968742696794		-0.002717185903530238		0.3181552549755215
0.9932991967696483		0.00031438490224744247		-0.0017751903067756262		0.3174434309365836
0.9955106459724509		0.0002092241604138357		-0.0010476428618081167		0.3168518467640787
0.997282429954831		0.0001203709122051032		-0.0005317402827473894		0.31637962582774615
0.9986128001799076		5.4284055413436146e-05		-0.00021028044006198563		0.3160260693493644
0.9995004437328866		1.4988341417641588e-05		-5.008499631215884e-05		0.31579065471697393
0.9999444846167472		7.293865167110538e-07		-1.8080163473828926e-06		0.3156730342227699
0.06782031894655749		0.012383550857897769