0.10005551538325275		4.163651930436377e-05		-1.6236698028629562e-05		1.2714331412551207
0.1004995562671135		0.00012586694532579134		-4.931853354170566e-05		1.2700523292688253
0.10138719982009242		0.00021297956958434605		-8.42426578055709e-05		1.2672960773145083
0.10271757004516914		0.00030492871303546964		-0.00012229359080254894		1.2631751572982197
0.10448935402754911		0.00040371589901233953		-0.00016483948548935324		1.2577057933743487
0.10670080323035176		0.0005114046151093465		-0.00021336380476085374		1.250909732151422
0.10934973522020541		0.0006301310570989993		-0.0002694950839134122		1.2428143210592415
0.11243353582104555		0.0007621098567741187		-0.00033503403894894856		1.2334525825155693
0.11594916169399087		0.0009096339192235288		-0.00041197715011961287		1.222863269358151
0.11989314334075145		0.0010750676600292043		-0.0005025357133283585		1.211090885497511
0.12426158852760462		0.001260833146489373		-0.0006091492310282886		1.198185655056591
0.1290501861265597		0.0014693889137693727		-0.0007344919364031402		1.1842034235411865
0.13425421036992097		0.0017032015455620982		-0.0008814712392724713		1.1692054759438215
0.13986852551404963		0.0019647104697891058		-0.0010532169757529065		1.1532582591809093
0.14588759090772296		0.002256286804127178		-0.0012530605540254857		1.1364329998780232
0.15230546646008794		0.002580187466316675		-0.0014845034201059755		1.118805213133395
0.15911581850281398		0.002938506107262384		-0.001751174708759503		1.100454103282271
0.16631192604065853		0.003333122696429728		-0.002056778468032775		1.081461863529834
0.17388668738427837		0.0037656537579655327		-0.0024050314102170497		1.0619128872113641
0.1818326271587395		0.004237405299532464		-0.0027995926977424797		1.0418929089213467
0.19014190368080924		0.004749330383166969		-0.003243987767577886		1.0214880983739627
0.19880631669775164		0.005301993061800096		-0.0037415285846700225		1.0007841332135006
0.2078173154799861		0.005895540063919863		-0.004295232956913261		0.979865278784435
0.21716600725962565		0.006529681182027975		-0.004907745619462673		0.9588135029380809
0.22684316600656504		0.007203678846456879		-0.0055812637009537555		0.9377076522990808
0.23683924153345856		0.007916346886810526		-0.006317468932034929		0.9166227132051542
0.24714436892060201		0.008666058039135402		-0.007117468576274656		0.8956291760709811
0.2577483782514174		0.009450759381841464		-0.007981746594330388		0.8747925166137879
0.2686408046489327		0.010267994601312997		-0.008910126038703576		0.8541728016637274
0.2798108986033522		0.011114931811251713		-0.009901743162340063		0.8338244216110949
0.2912476365805247		0.01198839557850064		-0.010955033248184502		0.8137959463077422
0.3029397319008408		0.012884901832707024		-0.012067727758031034		0.7941300967488478
0.314875645877823		0.013800694440479619		-0.013236862076284146		0.7748638213157975
0.3270435992054166		0.014731782385257276		-0.014458792895379794		0.7560284628555493
0.339431583582742		0.01567397668922264		-0.015729224152688504		0.737650001402376
0.35202737356483826		0.016622926422086837		-0.017043240374383047		0.7197493568308079
0.3648185386277011		0.017574153345436057		-0.01839534629561037		0.7023427360248179
0.3777924554357096		0.01852308492693712		-0.019779511691593244		0.6854420100873307
0.39093632029933423		0.01946508561696188		-0.021189220453931814		0.669055108516111
0.4042371618108328		0.02039548640632026		-0.02261752306469162		0.6531864189649615
0.4176818536454633		0.02130961277664459		-0.024057091744625222		0.6378371830410263
0.4312571275155823		0.0222028112160843		-0.025500277670730914		0.6230058804348083
0.4449495862648426		0.023070474505849196		-0.026939169765077046		0.6086885954439128
0.45874571708956935		0.023908065992231584		-0.028365654646857166		0.5948793615678056
0.47263190487426576		0.024711143049009215		-0.029771477410931863		0.5815704812780567
0.48659444562808785		0.025475379911343098		-0.031148302948330132		0.5687528192870157
0.5006195600090297		0.026196590028900058		-0.03248777755849126		0.5564160686447088
0.5146934069224699		0.026870748046704612		-0.03378159062136739		0.5445489897980559
0.5288020971806608		0.027494011480330958		-0.03502153610243397		0.53313962336541
0.5429317072096808		0.028062742109944937		-0.036199573657894904		0.522175477834606
0.5570682927903193		0.028573527077218427		-0.037307889093606786		0.5116436937078314
0.5711979028193392		0.029023199631679594		-0.03833895391217111		0.5015311858153861
0.5853065930775303		0.029408859439390308		-0.039285583660430085		0.4918247656251469
0.5993804399909703		0.029727892337688133		-0.04014099476654616		0.48251124540557816
0.6134055543719121		0.029977989395168856		-0.040898859533436346		0.4735775260751924
0.6273680951257343		0.03015716511643104		-0.041553358935327675		0.46501067050554085
0.6412542829104306		0.029873488957391916		-0.04216131926111064		0.45679796395065314
0.6550504137351575		0.027892079741567252		-0.042906972674938045		0.4489269631634222
0.6687428724844179		0.02588793733058512		-0.04351563382278068		0.44138553563678073
0.6823181463545368		0.023875209145779452		-0.043982975849175036		0.43416189028073005
0.6957628381891673		0.021867755423850076		-0.04430557922690908		0.4272446007199811
0.7090636797006657		0.019879029361999503		-0.04448096121618987		0.42062262227444513
0.7222075445642904		0.017921961651899635		-0.04450759979418389		0.41428530356833393
0.735181461372299		0.016008850464441303		-0.044384951744668444		0.40822239360467333
0.7479726264351618		0.014151257944555256		-0.044113464621593365		0.4024240450414161
0.7605684164172581		0.012359914255115838		-0.04369458233206845		0.3968808143134283
0.7729564007945834		0.010644630171021026		-0.04313074412312864		0.39158365916141596
0.785124354122177		0.0090142191691256		-0.042425376801570026		0.3865239340541224
0.7970602680991593		0.007476429887406838		-0.04158288006648269		0.38169338392345287
0.8087523634194754		0.006204498700927607		-0.0405872473779169		0.37708413657305184
0.8201891013966479		0.00594212392604679		-0.03935222409017373		0.3726886940687023
0.8313591953510673		0.005672833588071649		-0.03801678807949547		0.36849992337312837
0.8422516217485826		0.0053977823935403785		-0.03658839371363618		0.3645110464477701
0.852855631079398		0.005118150292197356		-0.03507519083335589		0.3607156300092688
0.8631607584665414		0.004835137904256265		-0.033485977536463415		0.357107575098209
0.873156833993435		0.004549961791320199		-0.03183014727648815		0.35368110659158464
0.8828339927403744		0.004263849586358257		-0.030117630607479542		0.35043076276801377
0.8921826845200139		0.0039780350003909915		-0.028358831962102673		0.34735138501548857
0.9011936833022484		0.0036937527256444007		-0.026564561902890152		0.3444381077550099
0.9098580963191908		0.0034122332568822917		-0.024745965335631847		0.3416863486394779
0.9181673728412606		0.0031346976543786616		-0.022914446218670163		0.33909179907535875
0.9261133126157217		0.002862352273565102		-0.021081589342040286		0.3366504151046577
0.9336880739593416		0.00259638348773514		-0.01925907978524414		0.3343584086763447
0.9408841814971861		0.0023379524313137143		-0.017458620691702426		0.3322122393293795
0.9476945335399121		0.002088189792088192		-0.015691850021211286		0.33020860630368065
0.9541124090922771		0.0018481906814333047		-0.013970256958736237		0.3283444410906179
0.9601314744859504		0.0016190096119411905		-0.012305098668426937		0.3266169004307116
0.9657457896300792		0.0014016556119801483		-0.010707318085674775		0.32502335976309743
0.9709498138734404		0.0011970875065490706		-0.009187463437305025		0.32356140712882786
0.9757384114723954		0.0010062093933671816		-0.00775561017059939		0.3222288375281479
0.9801068566592486		0.0008298663424380054		-0.006421285955825087		0.32102364773041936
0.9840508383060091		0.0006688403463633088		-0.005193399404496744		0.31994403153430406
0.9875664641789546		0.0005238465474565927		-0.0040801731168664725		0.31898837547507924
0.9906502647797946		0.0003955297662323203		-0.003089081637442254		0.3181552549755215
0.9932991967696483		0.0002844613541325568		-0.0022267948569563733		0.3174434309365836
0.9955106459724509		0.00019113639142036496		-0.0014991273535948392		0.3168518467640786
0.997282429954831		0.00011597124902765159		-0.000910994115825514		0.31637962582774615
0.9986128001799076		5.930153082244428e-05		-0.0004663730343806057		0.3160260693493644
0.9995004437328866		2.1380410272918678e-05		-0.00016827449234545468		0.3157906547169739
0.9999444846167472		2.377372861138881e-06		-1.8718320485032507e-05		0.3156730342227699
0.062106732732305485		0.008859871919001666