 0.000000000000000000    0.000573794834410652    0.000567140682709942    0.000090263243081800
 0.010000000000000000    0.014034780052349996    0.012925162240220796    0.002057103460795855
 0.020000000000000000    0.025501655090042754    0.021973062655871649    0.003497121536549903
 0.030000000000000000    0.035108207365908210    0.028526005744991154    0.004540054820983146
 0.040000000000000000    0.043229413699236582    0.033332974029732637    0.005305107584785723
 0.050000000000000000    0.050145669324022015    0.036892663426931687    0.005871649748221761
 0.060000000000000000    0.056069227535952685    0.039546748267117793    0.006294060469922643
 0.070000000000000000    0.061164120220100677    0.041535162148847238    0.006610526368112427
 0.080000000000000000    0.065559402259692071    0.043029627440902715    0.006848377906622330
 0.090000000000000000    0.069358162023281526    0.044154903808498207    0.007027471202869645
 0.100000000000000000    0.072643833734336440    0.045002731579105288    0.007162407183452343
 0.110000000000000000    0.075402317326174123    0.045547503102349312    0.007249110264232331
 0.120000000000000000    0.077619380733451144    0.045839363940661600    0.007295561359344676
 0.130000000000000000    0.079582652663223507    0.046126388989740094    0.007341242814696712
 0.140000000000000000    0.081246068377071933    0.046271902279158434    0.007364401973993203
 0.150000000000000000    0.082667682455898747    0.046364971895229384    0.007379214463442559
 0.160000000000000000    0.083874648847402607    0.046430831138998490    0.007389696287636707
 0.170000000000000000    0.084849783621886636    0.046436714574835826    0.007390632665532583
 0.180000000000000000    0.085661330361266768    0.046442589169816924    0.007391567636362487
 0.190000000000000000    0.086323079659356038    0.046449358213428497    0.007392644963113274
 0.200000000000000000    0.086847766320564776    0.046457860120432481    0.007393998083638665
 0.210000000000000000    0.087217595781371531    0.046439971164284533    0.007391150967840965
 0.220000000000000000    0.087492474911595688    0.046419237469912628    0.007387851097893120
 0.230000000000000000    0.087656343663642125    0.046417230018246411    0.007387531602037423
 0.240000000000000000    0.087723600946396465    0.046427474707052247    0.007389162094901310
 0.250000000000000000    0.087705945261590111    0.046446044566191426    0.007392117579775831
 0.260000000000000000    0.087611212532987483    0.046471264363245792    0.007396131435140808
 0.270000000000000000    0.087445765542880227    0.046501901719745313    0.007401007521870975
 0.280000000000000000    0.087215117609143603    0.046536837330134665    0.007406567696954373
 0.290000000000000000    0.086924168674150240    0.046574991151906636    0.007412640066287229
 0.300000000000000000    0.086577324833452409    0.046615306369988564    0.007419056432526796
 0.310000000000000000    0.086178573466398422    0.046656748227239365    0.007425652108959170
 0.320000000000000000    0.085709552298643728    0.046677783921770929    0.007429000043725239
 0.330000000000000000    0.085185210647573785    0.046688468353096113    0.007430700523784768
 0.340000000000000000    0.084615761821200189    0.046694911090503870    0.007431725917290256
 0.350000000000000000    0.084004139263079074    0.046696279553662977    0.007431943714966467
 0.360000000000000000    0.083353033416641567    0.046691757670660976    0.007431224034934615
 0.370000000000000000    0.082664915745327402    0.046680549663641111    0.007429440225215195
 0.380000000000000000    0.081908056956994904    0.046633656064343698    0.007421976877087641
 0.390000000000000000    0.081111440716472846    0.046572183958973260    0.007412193287655670
 0.400000000000000000    0.080247950155114206    0.046471095039993056    0.007396104486508154
 0.410000000000000000    0.079310281741004697    0.046321747643853865    0.007372335110174699
 0.420000000000000000    0.078342235035740559    0.046157796955565290    0.007346241547710254
 0.430000000000000000    0.077345570366729638    0.045978609154445697    0.007317722923420303
 0.440000000000000000    0.076321920805526802    0.045783573707881605    0.007286682068021492
 0.450000000000000000    0.075272802867419121    0.045572103814764928    0.007253025589216858
 0.460000000000000000    0.074199626182626333    0.045343636560136085    0.007216663896308043
 0.470000000000000000    0.073103702185259163    0.045097632788674432    0.007177511180060672
 0.480000000000000000    0.071986251965654846    0.044833576780811634    0.007135485361156196
 0.490000000000000000    0.070848413375993971    0.044550975773187095    0.007090508013870000
 0.500000000000000000    0.069691247472532678    0.044249359361011239    0.007042504270954570
 0.510000000000000000    0.068515744367162528    0.043928278812859845    0.006991402714585620
 0.520000000000000000    0.067322828551899835    0.043587306322663023    0.006937135257312443
 0.530000000000000000    0.066113363752070392    0.043226034218935392    0.006879637016202983
 0.540000000000000000    0.064888157357198555    0.042844074147426312    0.006818846182758579
 0.550000000000000000    0.063647964472767999    0.042441056240194749    0.006754703890668125
 0.560000000000000000    0.062393491630958984    0.042016628281506600    0.006687154083056503
 0.570000000000000000    0.061125400194069111    0.041570454878810664    0.006616143380541314
 0.580000000000000000    0.059844309480495471    0.041102216645290079    0.006541620951131896
 0.590000000000000000    0.058550799639814685    0.040611609399040988    0.006463538382774650
 0.600000000000000000    0.057245414300575255    0.040098343382744341    0.006381849559159954
 0.610000000000000000    0.055928663011855949    0.039562142506724584    0.006296510539251205
 0.620000000000000000    0.054601023497395297    0.039002743617493527    0.006207479440869966
 0.630000000000000000    0.053262943739118869    0.038419895793228241    0.006114716328567790
 0.640000000000000000    0.051914843905146898    0.037813359667103249    0.006018183105931188
 0.650000000000000000    0.050557118135824462    0.037182906778968824    0.005917843412398033
 0.660000000000000000    0.049190136199953569    0.036528318955521615    0.005813662524608644
 0.670000000000000000    0.047814245032198433    0.035849387718836932    0.005705607262270783
 0.680000000000000000    0.046429770161562632    0.035145913722911995    0.005593645898482722
 0.690000000000000000    0.045037017039882861    0.034417706217696534    0.005477748074431064
 0.700000000000000000    0.043636272278434091    0.033664582539953113    0.005357884718358651
 0.710000000000000000    0.042227804799982618    0.032886367630187754    0.005234027968681681
 0.720000000000000000    0.040811866912945692    0.032082893574816109    0.005106151101123192
 0.730000000000000000    0.039388695313709768    0.031253999172676986    0.004974228459721550
 0.740000000000000000    0.037958512022615587    0.030399529524969437    0.004838235391566903
 0.750000000000000000    0.036521525258630043    0.029519335647668723    0.004698148185115273
 0.760000000000000000    0.035077930257285861    0.028613274105467441    0.004553944011928473
 0.770000000000000000    0.033627910036074920    0.027681206666288781    0.004405600871688185
 0.780000000000000000    0.032171636111124866    0.026722999975427285    0.004253097540333850
 0.790000000000000000    0.030709269168667068    0.025738525248387178    0.004096413521176373
 0.800000000000000000    0.029240959694513481    0.024727657981507891    0.003935528998842740
 0.810000000000000000    0.027766848564497082    0.023690277679489944    0.003770424795910420
 0.820000000000000000    0.026287067598592633    0.022626267598960865    0.003601082332094612
 0.830000000000000000    0.024801740081218840    0.021535514507249795    0.003427483585856028
 0.840000000000000000    0.023310981250027596    0.020417908455570262    0.003249611058301814
 0.850000000000000000    0.021814898755308782    0.019273342565842988    0.003067447739257345
 0.860000000000000000    0.020313593091978644    0.018101712830424375    0.002880977075392023
 0.870000000000000000    0.018807158005974565    0.016902917924041345    0.002690182940287778
 0.880000000000000000    0.017295680876748045    0.015676859027269726    0.002495049606344779
 0.890000000000000000    0.015779243077430025    0.014423439660931646    0.002295561718424962
 0.900000000000000000    0.014257920314137767    0.013142565530827945    0.002091704269140427
 0.910000000000000000    0.012731782945799966    0.011834144382265336    0.001883462575700712
 0.920000000000000000    0.011200896285796773    0.010498085863886088    0.001670822258240621
 0.930000000000000000    0.009665320886644305    0.009134301400362167    0.001453769219558861
 0.940000000000000000    0.008125112808900092    0.007742704073578236    0.001232289626207730
 0.950000000000000000    0.006580323875428303    0.006323208512002180    0.001006369890885895
 0.960000000000000000    0.005031001912144180    0.004875730788032141    0.000775996656100657
 0.970000000000000000    0.003477190976359492    0.003400188323221723    0.000541156779084080
 0.980000000000000000    0.001918931573880462    0.001896499801428599    0.000301837317970159
 0.990000000000000000    0.000356260866074080    0.000364585090118029    0.000058025519269888
 1.000000000000000000    0.001210787131771214    0.001195634829701633    0.000190291193279851
