 ********************    0.087705778144735035    0.046446061172866817    0.007392120222810308
 ********************    0.087705824958405719    0.046446056244710718    0.007392119438469904
 ********************    0.087705896552355903    0.046446049197779705    0.007392118316916000
 ********************    0.087706005297600885    0.046446039004736411    0.007392116694642775
 ********************    0.087706170694903137    0.046446024023706024    0.007392114310337736
 ********************    0.087706424522762596    0.046446001520874259    0.007392110728900827
 ********************    0.087706820813883560    0.046445966697749656    0.007392105186628412
 ********************    0.087707456691691616    0.046445910531861934    0.007392096247549748
 ********************    0.087708520477968191    0.046445814405935185    0.007392080948633347
 ********************    0.087710420233024790    0.046445634456900566    0.007392052308854983
 ********************    0.087714222379477836    0.046445243190138012    0.007391990036815655
